Pepe
1234
847, 312, 659, 423, 891, 534, 276, 768, 145, 982, 367, 621, 438, 795, 214, 856, 493, 729, 381, 654, 927, 185, 743, 562, 419
Ana
1111
102, 845, 376, 954, 218, 639, 487, 561, 903, 724, 156, 892, 341, 675, 429, 780, 264, 518, 937, 682, 145, 396, 821, 574, 960
Luis
2222
563, 914, 278, 640, 381, 729, 456, 892, 134, 705, 967, 218, 349, 581, 726, 493, 860, 175, 924, 638, 452, 719, 306, 845, 197
Maria
3333
724, 318, 956, 482, 105, 639, 847, 261, 590, 413, 978, 356, 692, 185, 734, 821, 469, 507, 943, 628, 174, 895, 360, 712, 284
Juan
4444
391, 742, 568, 219, 854, 637, 480, 926, 153, 704, 289, 615, 873, 462, 195, 738, 940, 326, 581, 764, 218, 697, 435, 802, 159
Laura
5555
618, 249, 735, 984, 156, 407, 893, 562, 371, 820, 694, 135, 458, 907, 264, 719, 382, 541, 976, 623, 185, 748, 309, 861, 492
Carlos
6666
475, 802, 196, 349, 927, 561, 734, 218, 680, 493, 815, 264, 957, 381, 620, 749, 135, 892, 406, 573, 968, 214, 758, 341, 695
Elena
7777
289, 614, 973, 456, 138, 725, 840, 391, 562, 907, 284, 679, 415, 836, 194, 758, 602, 341, 895, 267, 534, 781, 920, 153, 468
Miguel
8888
902, 318, 647, 529, 184, 736, 495, 861, 273, 654, 917, 382, 540, 798, 146, 425, 689, 231, 974, 563, 708, 359, 812, 496, 175
Sofia
9999
536, 174, 829, 462, 918, 305, 741, 256, 690, 487, 923, 318, 654, 781, 149, 572, 836, 294, 607, 845, 381, 960, 215, 734, 498